阻尼器上方質量位置響應
13.4618435257531
13.4598790332943
13.4580546579015
13.4563623587496
13.454794371575
13.319233636439
12.9369400746016
12.3481466018473
11.6144057923187
10.8150766339871
10.0442015209877
9.40773786856131
9.0211115166465
9.00706168619377
9.49374967695483
10.2107770022377
10.845414764115
11.4053489558149
11.897653202182
12.3288299754024
12.7048496784971
13.0311876425078
13.3128590907144
13.4203425447229
13.245097173759
12.8311880416395
12.2436602352656
11.5650513873606
10.8922928113337
10.3339637070737
10.0078656766452
10.0388873862708
10.5571316346555
11.2939505931025
11.9381910892406
12.4989546875812
12.9845841422488
13.4027173213697
13.7603380556379
14.0638240146476
14.3189917196005
14.3970292200743
14.1900219866061
13.7425860215692
13.1202492178031
12.4059705209907
11.6970471546278
11.1023744051198
10.7400252425229
10.7351196477548
11.2179559387369
12.3223786447875
13.6556603041144
14.7937543361323
15.7573366569893
16.5652573047638
17.2346784625475
17.7812038232082
18.2189996804176
18.5609081305177
18.6785833626489
18.4783494250599
18.035322774372
17.4411161253541
16.8008230702158
16.2303498018468
15.8540615235774
15.8027137134928
16.211640822547
17.2191772317335
18.4365881079641
19.4433675638839
20.2633220321326
20.918060351287
21.4271671712113
21.8083648300056
22.0776642846413
22.2495056667012
22.1969196171289
21.8274079543428
21.2170871391999
20.4584112017249
19.6571737369718
18.9298554341844
18.4012848433217
18.2025826606065
18.4693622184734
19.3401611041867
20.4263816390357
21.3075977092005
22.0076459386116
22.5481227751515
22.9485641666528
23.2266130425603
23.3981752422572
23.4775645159309
23.3376678021573
22.8858293829153
22.1979974222237
21.366449592601
20.4967974328213
19.7053359342713
19.1167060903574
18.861840718439
19.0761662651069
19.8980355423155
20.9386691474722
21.7774630778855
22.4380805474655
22.941949592976
23.3084431607734
23.5550469030044
23.6975153361206
23.7500169982846
23.5852998194904
23.1105753137866
22.4016651075792
21.5507265151946
20.6632568114122
19.8554427038337
19.2518227444892
18.9832329945443
19.1850086568127
19.9954166270057
21.025596719833
21.8548690829872
22.5068258091997
23.0028283356594
23.3621873234398
23.6023302473789
23.7389573505165
23.7861866007176
23.6167188641801
23.1377219059377
22.424976731918
21.5706029841992
20.6800630395275
19.8695113142256
19.2634565150681
18.9927071500974
19.1925730141289
20.0012975998697
21.0299991907111
21.8579781481381
22.5088084038179
23.0038347455098
23.3623525892695
23.6017754682032
23.7377908916735
23.7845052123708
23.6146087157291
23.1352595415712
22.4222299523158
21.5676316591593
20.6769198560689
19.8662424644907
19.2601023281269
18.9893026715389
19.1891485371128
19.9978791511047
21.0266089746293
21.8546349523386
22.5055279686708
23.0006301006322
23.359234359415
23.598752150944
23.7348691090983
23.7816899388742
23.61190348383
23.1326666275607
22.4197505434133
21.5652660037344
20.6746673983758
19.864101965255
19.2580719722269
18.9873801639287
19.1873311880491
19.9961639516551
21.0249926633643
21.8531140740386
22.504098925812
22.9992891983517
23.3579778446007
23.5975762460376
23.7337700411523
23.7806639643558
23.6109469096221
23.131775828572
22.4189219771696
21.5644962222924
20.6739530578676
19.8634398333431
19.2574589337231
18.9868132248057
19.1868074780507
19.5933519722672
19.899270553432
20.1171182935594
20.2582206904308
20.3327758535094
20.3499494544307
20.3179628522716
20.2441747902798
20.0010474620389
19.4817027520843
18.7315828904443
17.8168567720659
16.8209617038684
15.8415310310301
14.9876723195285
14.377563537396
14.1363372606
14.3942253399206
14.8826099581024
15.2902831011603
15.6262193380166
15.898573614349
16.1147452808679
16.2814379200863
16.4047151781149
16.490052804974
16.4082775184771
16.0510983237848
15.4627443649126
14.7083504053683
13.8704795559635
13.0460335654431
12.3435152233812
11.8806101982604
11.7820582247732
12.1777859721555
12.7989474252252
13.3341737109993
13.7923371803272
14.1815413715925
14.5091780034753
14.781980492882
15.0060741415865
15.1870231367603
15.195764926513
14.9241375527253
14.4165139714911
13.7381844159795
12.9718763807639
12.2146625073994
11.575220887765
11.1714150778739
11.1281637085098
11.5755719991703
12.2449709838355
12.8251663603085
13.3252017532979
13.7533480007623
14.1171595945639
14.4235277570713
14.6787302841363
14.888478287754
14.9238503888018
14.6768199324689
14.1918892479797
13.5344719996004
12.7874132009522
12.0478971661336
11.4247079085575
11.0358092752102
11.0062146982523
11.466118866508
0
0
0
0
0
0
0
0
0
0
0
0
0
0
0
0
0
0
0
0
0
0
0
0
0
0
0
0
0
0
0
0
0
0
0
0
0
0
0
0
0
0
0
0
0
0
0
0
0
0
0
0
0
0
0
0
0
0
0
0
0
0
0
0
0
0
0
0
0
0
0
0
0
0
0
0
0
0
0
0
0
0
0
0
0
0
0
0
0
0
0
0
0
0
0
0
0
0
0
0
0
0
0
0
0
0
0
0
0
0
0
0
0
0
0
0
0
0
0
0
0
0
0
0
0
0
0
0
0
0
0
0
0
0
